 ansi
       [38;2;220;94;28m██[38;2;220;98;29m██                    [38;2;211;211;211m██            
        [38;2;223;97;24m██[38;2;248;189;54m██[38;2;251;190;52m██[38;2;222;96;29m██                [38;2;80;102;34m██[38;2;79;101;36m██            
        [38;2;225;98;25m██[38;2;248;190;51m██[38;2;251;191;51m██[38;2;222;95;29m██              [38;2;79;101;28m██[38;2;131;148;42m██[38;2;103;128;36m██[38;2;73;98;38m██          
          [38;2;226;96;31m██[38;2;229;100;30m██              [38;2;157;148;108m██[38;2;117;135;43m██[38;2;154;167;48m██[38;2;116;140;42m██[38;2;78;98;34m██[38;2;131;133;100m██        
      [38;2;86;118;36m██[38;2;138;151;48m██  [38;2;63;76;27m██  [38;2;141;161;50m██[38;2;226;228;174m██          [38;2;103;119;35m██[38;2;143;159;45m██[38;2;95;118;32m██[38;2;67;88;31m██          
        [38;2;88;109;43m██  [38;2;91;105;34m██[38;2;74;93;36m██[38;2;100;111;48m██          [38;2;26;24;20m██[38;2;97;105;49m██[38;2;120;131;46m██[38;2;100;112;39m██[38;2;74;83;32m██[38;2;25;24;19m██        
          [38;2;68;86;30m██[38;2;89;115;52m██[38;2;94;98;78m██            [38;2;113;72;23m██[38;2;104;63;19m██[38;2;101;69;20m██[38;2;95;67;17m██[38;2;104;61;18m██[38;2;99;56;20m██        
        [38;2;151;73;28m██[38;2;203;85;29m██[38;2;206;85;30m██[38;2;207;83;31m██[38;2;143;69;22m██          [38;2;207;105;18m██[38;2;250;184;44m██[38;2;251;177;39m██[38;2;251;181;40m██[38;2;238;140;22m██[38;2;190;95;20m██        
        [38;2;139;86;45m██[38;2;205;87;34m██[38;2;206;88;30m██[38;2;140;62;21m██              [38;2;204;105;19m██[38;2;250;181;41m██[38;2;239;141;22m██[38;2;191;96;7m██          
[38;2;165;85;36m██[38;2;166;86;32m██[38;2;168;89;34m████[38;2;168;87;35m██[38;2;169;84;24m██[38;2;174;86;29m██[38;2;168;88;29m██[38;2;162;88;29m██[38;2;165;86;32m████[38;2;166;87;33m██[38;2;165;87;33m██[38;2;165;86;33m██[38;2;160;85;35m██[38;2;173;82;30m██[38;2;164;87;28m██[38;2;170;85;28m██[38;2;169;82;33m██[38;2;163;88;29m██[38;2;165;86;32m██[38;2;164;85;31m██[38;2;165;85;32m██[38;2;164;84;31m██
[38;2;162;88;20m██[38;2;166;86;30m██[38;2;168;87;27m██[38;2;170;87;27m██[38;2;169;86;31m██[38;2;168;86;29m██[38;2;169;86;29m██[38;2;168;85;30m██[38;2;167;85;30m██[38;2;168;85;28m██[38;2;169;86;29m██[38;2;168;86;29m██[38;2;169;85;28m██[38;2;167;85;27m██[38;2;166;84;27m██[38;2;167;84;29m██[38;2;167;84;26m██[38;2;167;86;27m██[38;2;167;84;27m██[38;2;167;84;26m██[38;2;166;84;29m██[38;2;165;86;30m██[38;2;164;86;30m██[38;2;166;85;28m██
  [38;2;109;53;18m██[38;2;101;54;29m██[38;2;70;32;17m██[38;2;69;33;15m██[38;2;69;33;14m██[38;2;68;34;15m██[38;2;69;32;16m██[38;2;66;34;17m██[38;2;69;32;17m██[38;2;69;32;21m██[38;2;69;32;19m████████[38;2;69;32;20m██[38;2;68;31;18m██[38;2;69;31;18m██[38;2;69;32;21m████[38;2;69;32;19m██[38;2;109;59;33m██[38;2;107;53;24m██  
  [38;2;164;81;29m██[38;2;142;83;49m██[38;2;70;32;17m████[38;2;69;33;13m██[38;2;253;185;45m██[38;2;242;165;27m██[38;2;70;35;11m██[38;2;70;32;17m██[38;2;70;32;14m██[38;2;70;32;19m██████████[38;2;69;31;18m████[38;2;70;32;19m████[38;2;69;31;19m██[38;2;150;88;52m██[38;2;166;83;32m██  
  [38;2;166;85;29m██[38;2;150;85;52m██[38;2;117;39;14m██[38;2;173;64;28m██[38;2;71;28;9m██[38;2;242;147;22m██[38;2;221;125;17m██[38;2;72;29;15m██[38;2;249;229;172m██[38;2;246;210;133m██[38;2;70;32;17m██[38;2;70;32;18m██[38;2;70;32;19m████[38;2;70;32;18m██[38;2;70;32;19m████[38;2;69;31;18m██[38;2;70;32;19m██[38;2;70;33;20m██[38;2;151;89;53m██[38;2;166;86;28m██  
  [38;2;168;86;30m██[38;2;146;89;47m██[38;2;131;59;12m██[38;2;234;114;36m██[38;2;75;32;15m██[38;2;251;182;42m██[38;2;239;155;27m██[38;2;70;32;15m██[38;2;252;206;131m██[38;2;237;191;122m██[38;2;70;34;15m██[38;2;69;32;16m██[38;2;70;32;19m██[38;2;69;31;18m██[38;2;70;32;19m██[38;2;69;31;18m██[38;2;70;32;19m██████[38;2;69;31;18m██[38;2;150;87;51m██[38;2;167;86;27m██  
  [38;2;168;87;32m██[38;2;147;88;55m██[38;2;119;40;15m██[38;2;188;73;31m██[38;2;76;30;17m██[38;2;251;179;40m██[38;2;237;155;29m██[38;2;71;32;16m██[38;2;250;204;130m██[38;2;255;227;172m██[38;2;231;189;128m██[38;2;67;32;17m██[38;2;70;32;19m██[38;2;93;34;13m██[38;2;95;30;11m██[38;2;98;34;14m██[38;2;95;32;12m██[38;2;94;33;12m██[38;2;85;30;14m██[38;2;69;34;19m██[38;2;151;88;53m██[38;2;169;85;26m██  
  [38;2;167;86;28m██[38;2;146;89;50m██[38;2;117;39;16m██[38;2;187;72;30m██[38;2;76;31;17m██[38;2;251;179;40m██[38;2;238;157;24m██[38;2;71;32;16m██[38;2;244;191;110m██[38;2;253;229;174m██[38;2;244;204;144m██[38;2;70;32;17m██[38;2;70;32;19m██[38;2;216;86;31m██[38;2;216;86;30m██[38;2;217;88;28m██[38;2;218;88;29m██[38;2;219;88;31m██[38;2;160;52;13m██[38;2;71;34;20m██[38;2;153;90;53m██[38;2;170;85;28m██  
  [38;2;166;85;29m██[38;2;145;87;50m██[38;2;119;40;17m██[38;2;185;71;33m██[38;2;75;31;15m██[38;2;251;180;40m██[38;2;239;156;29m██[38;2;73;33;15m██[38;2;68;32;14m██[38;2;254;229;174m██[38;2;252;219;152m██[38;2;69;32;12m██[38;2;70;33;17m██[38;2;148;49;20m██[38;2;152;46;19m████[38;2;151;48;18m██[38;2;147;47;16m██[38;2;133;44;17m██[38;2;69;29;16m██[38;2;153;90;53m██[38;2;170;85;29m██  
  [38;2;168;86;30m██[38;2;145;87;50m██[38;2;121;42;20m██[38;2;189;71;28m██[38;2;74;31;13m██[38;2;250;180;38m██[38;2;237;153;24m██[38;2;71;30;14m██[38;2;72;36;19m██[38;2;248;215;150m██[38;2;246;224;161m██[38;2;69;32;14m██[38;2;247;185;43m██[38;2;251;190;48m██[38;2;252;189;46m██[38;2;252;187;41m██[38;2;252;187;43m██[38;2;251;186;43m██[38;2;235;147;17m██[38;2;65;31;2m██[38;2;151;89;54m██[38;2;167;85;26m██  
  [38;2;168;86;30m██[38;2;148;87;52m██[38;2;104;34;14m██[38;2;149;54;25m██[38;2;81;32;16m██[38;2;233;138;22m██[38;2;226;123;16m██[38;2;76;32;16m██[38;2;73;33;15m██[38;2;209;172;125m██[38;2;246;198;125m██[38;2;71;34;21m██[38;2;225;125;23m██[38;2;212;114;9m██[38;2;236;138;23m██[38;2;238;139;21m██[38;2;235;140;23m██[38;2;238;140;23m██[38;2;213;109;15m██[38;2;80;25;1m██[38;2;148;87;48m██[38;2;170;83;29m██  
  [38;2;168;86;30m██[38;2;160;86;33m██[38;2;145;72;24m██[38;2;146;71;26m██[38;2;146;71;25m██[38;2;148;73;24m██[38;2;146;72;22m██[38;2;146;71;23m██[38;2;148;73;23m██[38;2;147;72;26m██[38;2;146;73;22m██[38;2;149;73;25m██[38;2;148;73;26m██[38;2;148;73;25m██[38;2;149;73;27m██[38;2;150;73;25m██[38;2;148;72;24m██[38;2;149;73;26m██[38;2;150;71;24m██[38;2;143;72;22m██[38;2;165;86;30m██[38;2;168;83;32m██  
  [38;2;165;85;29m██[38;2;148;90;51m██[38;2;71;34;17m██[38;2;70;33;17m██[38;2;70;32;19m████[38;2;70;32;21m██[38;2;69;32;16m██[38;2;70;33;17m██[38;2;70;32;14m██[38;2;69;31;19m██[38;2;70;33;18m██[38;2;69;32;16m██[38;2;70;33;16m██[38;2;70;31;19m██[38;2;70;32;17m██[38;2;71;32;15m██[38;2;70;30;18m██[38;2;69;32;16m██[38;2;71;34;14m██[38;2;150;89;56m██[38;2;172;83;30m██  
  [38;2;166;85;29m██[38;2;148;87;51m██[38;2;71;31;19m██[38;2;70;32;18m██[38;2;70;33;15m██[38;2;71;34;18m██[38;2;70;33;16m██[38;2;160;77;27m██[38;2;155;78;30m██[38;2;68;32;17m██[38;2;69;32;15m██[38;2;69;31;17m██[38;2;70;31;18m██[38;2;253;233;183m██[38;2;249;231;181m██[38;2;67;31;19m██[38;2;70;34;16m██[38;2;210;83;26m██[38;2;166;51;11m██[38;2;63;33;16m██[38;2;152;86;52m██[38;2;168;84;27m██  
  [38;2;167;85;29m██[38;2;149;87;53m██[38;2;71;31;19m██[38;2;70;32;19m██[38;2;246;139;34m██[38;2;247;141;30m██[38;2;158;75;39m██[38;2;231;135;24m██[38;2;227;138;28m██[38;2;69;33;14m██[38;2;251;188;45m██[38;2;246;168;35m██[38;2;73;31;14m██[38;2;255;207;133m██[38;2;249;203;130m██[38;2;226;126;17m██[38;2;69;33;17m██[38;2;180;64;21m██[38;2;183;65;27m██[38;2;70;31;16m██[38;2;152;89;50m██[38;2;169;84;28m██  
  [38;2;166;85;28m██[38;2;147;86;51m██[38;2;71;32;17m██[38;2;69;32;13m██[38;2;228;110;32m██[38;2;236;111;28m██[38;2;152;67;35m██[38;2;165;81;34m██[38;2;166;83;34m██[38;2;65;32;14m██[38;2;241;146;25m██[38;2;229;128;20m██[38;2;68;33;13m██[38;2;253;233;180m██[38;2;245;209;137m██[38;2;223;125;13m██[38;2;72;30;14m██[38;2;212;81;32m██[38;2;183;61;19m██[38;2;72;31;16m██[38;2;152;89;54m██[38;2;169;85;28m██  
  [38;2;168;86;30m██[38;2;147;87;49m██[38;2;71;32;15m██[38;2;73;32;17m██[38;2;233;108;28m██[38;2;206;85;27m██[38;2;68;33;15m██[38;2;165;84;32m██[38;2;164;84;33m██[38;2;71;30;18m██[38;2;249;181;42m██[38;2;247;149;29m██[38;2;70;32;16m██[38;2;254;232;178m██[38;2;245;207;138m██[38;2;223;124;20m██[38;2;72;30;14m██[38;2;206;81;30m██[38;2;181;62;21m██[38;2;70;32;16m██[38;2;151;89;53m██[38;2;168;85;27m██  
  [38;2;168;86;30m██[38;2;147;87;49m██[38;2;72;32;16m██[38;2;231;104;25m██[38;2;234;108;31m██[38;2;89;28;11m██[38;2;70;34;16m██[38;2;165;84;32m██[38;2;163;83;32m██[38;2;72;31;22m██[38;2;247;180;37m██[38;2;247;150;27m██[38;2;69;32;15m██[38;2;254;232;178m██[38;2;244;209;139m██[38;2;222;123;19m██[38;2;71;29;13m██[38;2;206;80;29m██[38;2;179;60;19m██[38;2;70;32;16m██[38;2;151;88;52m██[38;2;168;84;27m██  
  [38;2;166;85;29m██[38;2;146;86;48m██[38;2;72;33;18m██[38;2;232;108;23m██[38;2;232;107;30m██[38;2;78;27;9m██[38;2;72;30;19m██[38;2;229;137;21m██[38;2;230;134;31m██[38;2;71;32;14m██[38;2;251;178;40m██[38;2;246;150;28m██[38;2;70;32;14m██[38;2;253;231;179m██[38;2;245;210;142m██[38;2;223;126;16m██[38;2;73;31;17m██[38;2;180;60;20m██[38;2;179;60;27m██[38;2;71;32;18m██[38;2;154;92;56m██[38;2;166;86;26m██  
  [38;2;166;85;29m██[38;2;149;89;47m██[38;2;75;31;14m██[38;2;211;87;25m██[38;2;210;86;24m██[38;2;73;33;16m██[38;2;71;34;15m██[38;2;158;78;28m██[38;2;154;78;27m██[38;2;70;33;15m██[38;2;236;139;22m██[38;2;225;121;22m██[38;2;71;33;16m██[38;2;250;203;126m██[38;2;236;188;112m██[38;2;203;95;18m██[38;2;71;34;22m██[38;2;209;79;30m██[38;2;163;53;15m██[38;2;70;32;15m██[38;2;155;91;53m██[38;2;166;86;29m██  
[38;2;168;83;25m██[38;2;166;85;30m██[38;2;166;85;29m██[38;2;166;85;28m████[38;2;167;86;30m████[38;2;167;84;33m██[38;2;165;85;32m██[38;2;166;86;30m██[38;2;166;85;28m██[38;2;166;85;29m██[38;2;166;85;28m██[38;2;165;84;32m██[38;2;166;85;29m██[38;2;167;85;28m██[38;2;166;85;30m██[38;2;164;84;32m██[38;2;165;85;32m████[38;2;167;86;31m██[38;2;167;86;30m████[38;2;166;85;29m██
[38;2;147;80;33m██[38;2;159;87;37m██[38;2;162;85;35m██[38;2;165;86;36m██[38;2;146;80;33m██[38;2;147;82;28m██[38;2;146;81;32m████[38;2;145;80;31m██[38;2;147;82;30m██[38;2;145;79;31m██[38;2;144;80;30m████[38;2;146;80;31m██[38;2;146;80;32m██[38;2;143;79;30m██[38;2;143;78;29m██[38;2;142;78;28m████[38;2;143;78;29m██[38;2;166;88;36m██[38;2;161;88;38m██[38;2;163;88;39m██[38;2;149;81;28m██
  [38;2;148;75;28m██[38;2;151;79;31m██[38;2;126;63;26m██                                [38;2;128;68;26m██[38;2;151;73;29m██[38;2;156;75;30m██  [0m
